customer Num    Adress    Amount
0           0x61fe78       345 TL
1           0x61fe7c       543 TL
2           0x61fe80       645 TL
3           0x61fe84       323 TL
4           0x61fe88       131 TL
5           0x61fe8c       743 TL
6           0x61fe90       456 TL
7           0x61fe94       342 TL
8           0x61fe98       134 TL
9           0x61fe9c       253 TL
_____________________________________________________________________________
Distribution Route
customer Num    Adress    Amount
5           0x61fe8c       743 TL
3           0x61fe84       323 TL
2           0x61fe80       645 TL
1           0x61fe7c       543 TL
8           0x61fe98       134 TL
0           0x61fe78       345 TL
7           0x61fe94       342 TL
4           0x61fe88       131 TL
6           0x61fe90       456 TL
9           0x61fe9c       253 TL
_________________________________________
Total Amount: 3915

Matris:

    0 -198 -300   22  214 -398 -111    3  211   92
  198    0 -102  220  412 -200   87  201  409  290
  300  102    0  322  514  -98  189  303  511  392
  -22 -220 -322    0  192 -420 -133  -19  189   70
 -214 -412 -514 -192    0 -612 -325 -211   -3 -122
  398  200   98  420  612    0  287  401  609  490
  111  -87 -189  133  325 -287    0  114  322  203
   -3 -201 -303   19  211 -401 -114    0  208   89
 -211 -409 -511 -189    3 -609 -322 -208    0 -119
  -92 -290 -392  -70  122 -490 -203  -89  119    0
